0
2
2
10
8
20
34
60
2
13
0
5
10
25
32
55
2
0
4
8
10
22
36
62
10
5
8
9
18
29
40
63
8
10
10
18
28
36
54
76
20
25
22
29
36
53
72
91
34
32
36
40
54
72
90
118
60
55
62
63
76
91
118
149
2
0
4
8
10
18
36
58
4
11
2
3
12
23
34
53
0
2
2
10
12
20
38
60
8
7
6
11
16
31
42
61
10
8
12
16
26
38
52
78
22
23
24
27
38
51
70
93
32
34
34
42
52
70
92
116
58
57
60
65
74
93
116
147
2
4
0
8
10
22
32
58
0
11
2
7
8
23
34
57
4
2
2
6
12
24
34
60
8
3
10
11
16
27
42
65
10
12
12
16
26
38
52
74
18
23
20
31
38
51
70
93
36
34
38
42
52
70
92
116
58
53
60
61
78
93
116
147
10
8
8
0
18
26
40
50
8
3
10
11
16
15
38
61
8
10
6
8
12
28
42
52
6
11
8
19
20
29
42
69
18
16
18
20
28
40
56
76
26
21
28
29
46
55
72
95
40
42
42
48
56
72
94
120
56
61
58
69
76
101
120
149
8
10
10
18
0
28
42
64
10
17
8
13
18
29
24
57
10
8
12
12
18
20
44
66
18
13
16
17
26
33
48
61
16
18
18
26
32
44
58
80
28
33
30
37
44
61
76
99
42
40
44
48
62
76
98
124
68
63
70
71
84
99
126
153
20
18
22
26
28
0
54
72
22
29
20
15
30
41
46
35
18
20
20
28
20
32
30
78
26
25
24
29
30
49
50
73
28
26
30
34
44
48
66
80
40
41
42
45
56
65
88
103
50
52
52
60
70
88
102
130
76
75
78
83
92
111
130
165
34
36
32
40
42
54
0
90
32
43
34
39
24
55
66
67
36
34
34
38
44
30
50
42
40
35
42
39
48
47
74
71
42
44
44
48
58
66
68
94
50
55
52
63
66
83
92
121
68
66
70
74
84
102
120
134
90
85
92
93
110
121
148
169
60
58
58
50
64
72
90
0
58
53
60
61
66
35
88
107
58
60
56
52
62
78
42
72
56
61
58
69
58
73
68
119
68
66
66
70
72
80
94
92
76
71
78
79
94
93
116
125
90
92
92
96
106
116
134
158
106
111
108
119
126
149
158
193
2
4
0
8
10
22
32
58
0
11
2
7
8
23
34
57
4
2
2
6
12
24
34
60
8
3
10
11
16
27
42
65
10
12
12
16
26
38
52
74
18
23
20
31
38
51
70
93
36
34
38
42
52
70
92
116
58
53
60
61
78
93
116
147
13
11
11
3
17
29
43
53
11
0
13
14
19
18
41
64
11
13
9
5
15
31
45
55
3
14
5
22
23
26
45
72
17
19
15
23
25
43
59
73
29
18
31
26
43
58
69
98
43
41
45
45
59
69
97
123
53
64
55
72
73
98
123
146
0
2
2
10
8
20
34
60
2
13
0
5
10
25
32
55
2
0
4
8
10
22
36
62
10
5
8
9
18
29
40
63
8
10
10
18
28
36
54
76
20
25
22
29
36
53
72
91
34
32
36
40
54
72
90
118
60
55
62
63
76
91
118
149
5
3
7
11
13
15
39
61
7
14
5
0
15
26
37
50
3
5
5
13
15
17
41
63
11
10
9
14
15
34
45
58
13
11
15
19
29
41
51
81
25
26
27
30
41
50
73
96
35
37
37
45
55
73
95
115
61
60
63
68
77
96
115
150
10
12
8
16
18
30
24
66
8
19
10
15
0
31
42
65
12
10
10
14
20
32
26
64
16
11
18
15
24
23
50
73
18
20
20
24
34
42
60
70
26
31
28
39
42
59
68
97
44
42
46
50
60
78
96
124
66
61
68
69
86
97
124
145
25
23
23
15
29
41
55
35
23
18
25
26
31
0
53
76
23
25
21
17
27
43
53
37
21
26
23
34
23
38
33
84
33
31
31
35
37
55
59
85
41
36
43
44
59
58
81
90
55
57
57
61
71
81
109
123
71
76
73
84
91
114
123
158
32
34
34
38
24
46
66
88
34
41
32
37
42
53
0
81
34
32
36
36
26
44
68
74
42
37
40
41
50
33
56
45
40
42
42
46
56
54
82
80
52
57
54
61
68
81
78
109
66
64
68
72
82
100
108
146
92
87
94
95
108
123
146
155
55
53
57
61
57
35
67
107
57
64
55
50
65
76
81
0
53
55
55
63
55
37
65
109
61
60
59
58
65
84
45
78
63
61
65
69
65
83
75
115
75
76
77
80
85
90
109
102
85
87
87
95
105
109
137
141
111
110
113
118
127
140
155
186
2
0
4
8
10
18
36
58
4
11
2
3
12
23
34
53
0
2
2
10
12
20
38
60
8
7
6
11
16
31
42
61
10
8
12
16
26
38
52
78
22
23
24
27
38
51
70
93
32
34
34
42
52
70
92
116
58
57
60
65
74
93
116
147
0
2
2
10
8
20
34
60
2
13
0
5
10
25
32
55
2
0
4
8
10
22
36
62
10
5
8
9
18
29
40
63
8
10
10
18
28
36
54
76
20
25
22
29
36
53
72
91
34
32
36
40
54
72
90
118
60
55
62
63
76
91
118
149
4
2
2
6
12
20
34
56
2
9
4
5
10
21
36
55
2
4
0
8
14
22
36
58
6
5
8
13
14
29
44
63
12
10
14
14
28
40
50
76
20
21
22
29
40
49
72
95
34
36
36
44
50
72
94
114
56
55
58
63
76
95
114
149
8
10
6
8
12
28
38
52
6
5
8
13
14
17
36
63
10
8
8
0
18
30
40
54
8
9
10
17
22
21
48
71
16
18
14
22
20
44
58
68
24
23
26
31
42
57
64
99
42
40
44
44
58
64
96
122
58
59
60
67
78
97
122
141
10
12
12
12
18
20
44
62
12
15
10
15
20
27
26
55
12
10
14
18
0
32
46
64
18
15
14
19
28
39
30
71
18
20
20
20
34
28
64
86
30
31
32
35
46
55
78
83
44
42
46
50
56
78
82
120
66
65
68
73
82
101
120
155
22
20
24
28
20
32
30
78
24
31
22
17
32
43
44
37
20
22
22
30
32
0
58
72
28
27
26
21
32
51
62
41
30
28
32
36
28
48
38
98
42
43
42
47
48
67
72
103
52
54
54
62
72
72
102
104
78
77
80
83
94
103
132
149
36
38
34
42
44
30
50
42
34
45
36
41
26
53
68
65
38
36
36
40
46
58
0
90
42
37
44
41
30
49
76
85
44
46
46
50
60
38
66
50
52
57
54
57
68
65
94
93
70
68
72
76
82
102
92
130
92
87
94
95
104
123
130
171
62
60
60
52
66
78
42
72
60
55
62
63
64
37
74
109
60
62
58
54
64
72
90
0
58
63
60
71
60
41
70
113
70
68
68
68
74
92
50
88
78
73
80
81
76
95
86
127
92
94
94
98
104
104
130
116
108
113
110
121
128
131
160
163
10
8
8
6
18
26
40
56
8
3
10
11
16
21
42
61
8
10
6
8
18
28
42
58
0
11
8
19
20
29
48
69
18
16
12
20
28
46
56
76
26
15
28
29
40
55
72
101
40
38
42
42
56
72
94
120
50
61
52
69
76
95
120
149
5
7
3
11
13
25
35
61
3
14
5
10
11
26
37
60
7
5
5
9
15
27
37
63
11
0
13
14
19
30
45
68
13
15
15
15
29
41
55
77
15
26
17
34
41
50
73
96
39
37
41
45
51
73
95
115
61
50
63
58
81
96
115
150
8
6
10
8
16
24
42
58
10
5
8
9
18
23
40
59
6
8
8
10
14
26
44
60
8
13
0
17
22
31
44
67
12
14
18
22
20
42
58
78
28
17
30
21
44
57
64
97
38
36
40
48
58
64
96
122
52
63
54
71
68
99
122
141
9
11
11
19
17
29
39
69
11
22
9
14
15
34
41
58
11
9
13
17
19
21
41
71
19
14
17
0
27
38
49
62
17
15
19
27
37
27
59
85
29
34
21
38
27
62
81
82
39
41
41
49
59
81
81
125
69
58
71
62
85
82
125
158
18
16
16
20
26
30
48
58
16
23
18
15
24
23
50
65
16
18
14
22
28
32
30
60
20
19
22
27
0
43
56
73
26
24
20
28
42
54
36
80
34
35
36
27
48
35
86
109
48
46
50
50
64
72
102
100
70
69
68
77
74
103
100
149
29
31
27
29
33
49
47
73
27
26
29
34
23
38
33
84
31
29
29
21
39
51
49
41
29
30
31
38
43
0
69
78
37
39
35
27
41
65
79
47
45
44
47
52
35
62
45
120
63
61
57
65
63
85
89
127
79
80
81
82
99
90
127
122
40
42
42
42
48
50
74
68
42
45
40
45
50
33
56
45
42
40
44
48
30
62
76
70
48
45
44
49
56
69
0
101
48
50
50
50
36
58
92
100
60
61
62
65
76
45
80
57
74
72
76
72
86
80
112
110
96
95
98
103
100
129
110
157
63
61
65
69
61
73
71
119
65
72
63
58
73
84
45
78
61
63
63
71
71
41
85
113
69
68
67
62
73
78
101
0
71
69
73
77
69
47
79
125
83
84
83
82
89
108
57
102
93
95
95
103
91
113
101
145
119
118
121
124
129
122
157
134
8
10
10
18
16
28
42
68
10
17
8
13
18
33
40
63
10
8
12
16
18
30
44
70
18
13
12
17
26
37
48
71
0
18
18
26
32
44
62
84
28
29
20
33
44
61
76
99
42
24
44
48
58
76
98
126
64
57
66
61
80
99
124
153
10
8
12
16
18
26
44
66
12
19
10
11
20
31
42
61
8
10
10
18
20
28
46
68
16
15
14
15
24
39
50
69
18
0
20
24
34
42
60
86
30
31
32
23
42
59
78
97
24
42
26
50
60
68
96
124
66
65
64
73
70
97
124
145
10
12
12
18
18
30
44
66
12
15
10
15
20
31
42
65
12
10
14
14
20
32
46
68
12
15
18
19
20
35
50
73
18
20
0
28
34
46
56
82
20
27
32
39
28
55
78
101
44
26
46
30
64
78
82
120
62
55
64
71
86
83
120
155
18
16
16
20
26
34
48
70
16
23
18
19
24
35
46
69
16
18
14
22
20
36
50
68
20
15
22
27
28
27
50
77
26
24
28
0
42
48
64
74
30
23
32
43
54
35
72
103
48
50
30
56
36
86
102
100
58
65
60
73
80
109
100
149
28
26
26
28
32
44
58
72
26
25
28
29
34
37
56
65
26
28
28
20
34
28
60
74
28
29
20
37
42
41
36
69
32
34
34
42
0
62
66
88
44
37
28
41
62
77
44
93
58
56
60
36
66
44
116
132
72
65
74
69
88
93
132
121
36
38
38
40
44
48
66
80
38
43
36
41
42
55
54
83
38
36
40
44
28
48
38
92
46
41
42
27
54
65
58
47
44
42
46
48
62
0
86
88
56
59
48
35
54
83
98
55
66
68
68
76
44
80
54
148
94
85
76
89
82
109
110
157
54
52
52
56
58
66
68
94
52
59
54
51
60
59
82
75
52
54
50
58
64
38
66
50
56
55
58
59
36
79
92
79
62
60
56
64
66
86
0
116
70
71
72
63
44
71
110
119
84
82
82
86
100
54
98
66
106
105
104
91
110
99
136
131
76
78
74
76
80
80
94
92
74
73
76
81
70
85
80
115
78
76
76
68
86
98
50
88
76
77
78
85
80
47
100
125
84
86
82
74
88
88
116
0
92
91
94
99
82
55
92
143
110
108
104
100
110
132
66
120
126
127
128
129
110
137
120
169
20
22
18
26
28
40
50
76
18
29
20
25
26
41
52
75
22
20
20
24
30
42
52
78
26
15
28
29
34
45
60
83
28
30
20
30
44
56
70
92
0
41
32
49
48
65
88
111
54
46
30
50
66
88
102
130
72
35
78
73
80
103
130
165
25
23
23
21
33
41
55
71
23
18
25
26
31
36
57
76
23
25
21
23
31
43
57
73
15
26
17
34
35
44
61
84
29
31
27
23
37
59
71
91
41
0
43
38
55
58
81
114
55
53
53
33
59
81
109
123
35
76
37
84
85
90
123
158
22
24
20
28
30
42
52
78
20
31
22
27
28
43
54
77
24
22
22
26
32
42
54
80
28
17
30
21
36
47
62
83
20
32
32
32
28
48
72
94
32
43
0
51
48
67
72
103
30
44
58
62
38
72
102
132
78
37
72
41
98
103
104
149
29
27
31
29
37
45
63
79
31
26
29
30
39
44
61
80
27
29
29
31
35
47
57
81
29
34
21
38
27
52
65
82
33
23
39
43
41
35
63
99
49
38
51
0
65
62
85
90
47
33
49
69
79
45
89
127
73
84
41
78
47
120
127
122
36
38
38
46
44
56
66
94
38
43
36
41
42
59
68
85
38
36
40
42
46
48
68
76
40
41
44
27
48
35
76
89
44
42
28
54
62
54
44
82
48
55
48
65
0
83
80
109
66
54
38
58
86
98
54
110
80
83
92
47
88
55
148
157
53
51
51
55
61
65
83
93
51
58
53
50
59
58
81
90
51
53
49
57
55
67
65
95
55
50
57
62
35
62
45
108
61
59
55
35
77
83
71
55
65
58
67
62
83
0
107
102
83
81
65
45
71
107
121
65
93
90
95
108
55
102
65
184
72
70
70
72
76
88
92
116
70
69
72
73
68
81
78
109
70
72
72
64
78
72
94
86
72
73
64
81
86
45
80
57
76
78
78
72
44
98
110
92
88
81
72
85
80
107
0
137
102
100
102
80
54
88
134
142
116
109
104
113
132
65
120
77
91
93
93
95
99
103
121
125
93
98
91
96
97
90
109
102
93
91
95
99
83
103
93
127
101
96
97
82
109
120
57
102
99
97
101
103
93
55
119
143
111
114
103
90
109
102
137
0
121
123
123
129
99
65
109
167
149
140
131
122
137
164
77
142
34
32
36
40
42
50
68
90
36
43
34
35
44
55
66
85
32
34
34
42
44
52
70
92
40
39
38
39
48
63
74
93
42
24
44
48
58
66
84
110
54
55
30
47
66
83
102
121
0
66
50
74
68
92
120
148
90
67
42
71
94
121
134
169
32
34
34
42
40
52
66
92
34
41
32
37
42
57
64
87
34
32
36
40
42
54
68
94
38
37
36
41
46
61
72
95
24
42
26
50
56
68
82
108
46
53
44
33
54
81
100
123
66
0
68
56
82
78
108
146
88
81
74
45
80
109
146
155
36
34
38
42
44
52
70
92
38
45
36
37
46
57
68
87
34
36
36
44
46
54
72
94
42
41
40
41
50
57
76
95
44
26
46
30
60
68
82
104
30
53
58
49
38
65
102
123
50
68
0
76
66
94
92
130
42
65
90
85
50
93
130
171
40
42
42
48
48
60
74
96
42
45
40
45
50
61
72
95
42
40
44
44
50
62
76
98
42
45
48
49
50
65
72
103
48
50
30
56
36
76
86
100
50
33
62
69
58
45
80
129
74
56
76
0
92
80
112
110
68
45
70
101
100
57
110
157
54
52
52
56
62
70
84
106
52
59
54
55
60
71
82
105
52
54
50
58
56
72
82
104
56
51
58
59
64
63
86
91
58
60
64
36
66
44
100
110
66
59
38
79
86
71
54
99
68
82
66
92
0
110
98
136
94
75
50
79
116
119
66
131
72
70
70
72
76
88
102
116
70
69
72
73
78
81
100
109
70
72
72
64
78
72
102
104
72
73
64
81
72
85
80
113
76
68
78
86
44
80
54
132
88
81
72
45
98
107
88
65
92
78
94
80
110
0
134
120
116
109
86
57
92
137
142
77
90
92
92
94
98
102
120
134
92
97
90
95
96
109
108
137
92
90
94
96
82
102
92
130
94
95
96
81
102
89
112
101
98
96
82
102
116
54
98
66
102
109
102
89
54
121
134
109
120
108
92
112
98
134
0
164
134
137
130
101
66
109
164
211
118
116
116
120
124
130
134
158
116
123
118
115
124
123
146
141
116
118
114
122
120
104
130
116
120
115
122
125
100
127
110
145
126
124
120
100
132
148
66
120
130
123
132
127
110
65
142
167
148
146
130
110
136
120
164
0
158
155
160
157
120
77
130
197
60
58
58
56
68
76
90
106
58
53
60
61
66
71
92
111
58
60
56
58
66
78
92
108
50
61
52
69
70
79
96
119
64
66
62
58
72
94
106
126
72
35
78
73
80
93
116
149
90
88
42
68
94
116
134
158
0
107
72
119
92
125
158
193
55
57
53
61
63
75
85
111
53
64
55
60
61
76
87
110
57
55
55
59
65
77
87
113
61
50
63
58
69
80
95
118
57
65
55
65
65
85
105
127
35
76
37
84
83
90
109
140
67
81
65
45
75
109
137
155
107
0
109
78
115
102
141
186
62
60
60
58
70
78
92
108
60
55
62
63
68
73
94
113
60
62
58
60
68
80
94
110
52
63
54
71
68
81
98
121
66
64
64
60
74
76
104
128
78
37
72
41
92
95
104
131
42
74
90
70
50
86
130
160
72
109
0
113
88
127
116
163
63
65
61
69
71
83
93
119
61
72
63
68
69
84
95
118
65
63
63
67
73
83
95
121
69
58
71
62
77
82
103
124
61
73
71
73
69
89
91
129
73
84
41
78
47
108
113
122
71
45
85
101
79
57
101
157
119
78
113
0
125
102
145
134
76
74
78
76
84
92
110
126
78
73
76
77
86
91
108
127
74
76
76
78
82
94
104
128
76
81
68
85
74
99
100
129
80
70
86
80
88
82
110
110
80
85
98
47
88
55
132
137
94
80
50
100
116
92
66
120
92
115
88
125
0
143
120
169
91
93
93
101
99
111
121
149
93
98
91
96
97
114
123
140
93
91
95
97
101
103
123
131
95
96
99
82
103
90
129
122
99
97
83
109
93
109
99
137
103
90
103
120
55
102
65
164
121
109
93
57
119
137
109
77
125
102
127
102
143
0
167
142
118
116
116
120
126
130
148
158
116
123
118
115
124
123
146
155
116
118
114
122
120
132
130
160
120
115
122
125
100
127
110
157
124
124
120
100
132
110
136
120
130
123
104
127
148
65
120
77
134
146
130
110
66
142
164
130
158
141
116
145
120
167
0
197
149
147
147
149
153
165
169
193
147
146
149
150
145
158
155
186
147
149
149
141
155
149
171
163
149
150
141
158
149
122
157
134
153
145
155
149
121
157
131
169
165
158
149
122
157
184
77
142
169
155
171
157
131
77
211
197
193
186
163
134
169
142
197
0
