0
2
2
22
8
20
34
60
2
13
0
5
10
25
32
55
2
0
4
8
10
22
36
62
22
5
8
9
20
29
40
63
8
10
10
20
28
36
56
76
20
25
22
29
36
55
72
91
34
32
36
40
56
72
90
120
60
55
62
63
76
91
120
149
2
0
4
8
10
18
36
58
4
11
2
3
12
23
34
53
0
8
2
10
12
20
38
60
8
7
6
11
16
35
42
61
16
8
18
16
26
38
52
82
22
23
24
27
38
51
70
93
32
40
34
48
52
70
92
116
58
57
60
65
74
93
116
147
2
4
0
8
18
22
32
58
0
11
2
7
8
23
42
57
4
2
2
6
12
24
34
60
8
3
16
11
16
27
56
65
10
12
12
16
26
38
52
74
18
23
20
35
38
51
70
93
36
34
38
42
52
70
92
116
58
53
60
61
82
93
116
147
22
8
8
0
20
32
40
50
8
3
22
11
16
15
38
67
8
10
6
8
12
28
42
52
6
11
8
31
20
29
42
83
20
16
18
20
28
40
56
76
26
21
28
29
46
55
72
95
40
44
42
48
56
72
94
120
56
61
58
69
76
101
120
149
8
10
18
20
0
38
50
64
16
17
8
37
26
29
24
57
10
8
12
12
18
20
52
66
20
13
16
17
46
33
48
61
16
18
26
28
32
44
58
80
28
33
30
37
44
63
76
99
42
52
44
56
64
76
98
124
68
63
70
71
84
99
128
153
20
18
22
32
38
0
62
72
22
29
30
15
56
47
46
35
18
20
20
28
20
32
30
84
26
35
24
29
30
67
50
73
28
26
30
40
44
48
66
80
50
41
48
45
56
65
88
103
50
52
70
60
76
88
102
130
76
85
78
89
92
111
130
165
34
36
32
40
50
62
0
92
32
43
48
47
24
79
74
67
36
34
34
38
52
30
50
42
40
35
56
39
48
47
94
71
42
44
44
48
58
66
68
94
50
55
60
67
66
83
92
121
68
66
70
94
84
102
120
134
90
97
92
101
114
121
148
169
60
58
58
50
64
72
92
0
58
53
66
73
68
35
88
107
58
60
56
52
62
84
42
72
56
61
58
83
58
73
68
127
68
66
66
70
72
80
94
92
76
71
78
85
94
93
116
125
90
92
92
96
124
116
134
158
106
111
126
119
132
149
158
193
2
4
0
8
16
22
32
58
0
11
8
7
8
23
40
57
4
2
2
6
18
24
34
60
8
3
10
11
16
27
48
65
10
12
12
16
26
38
52
74
18
23
20
35
38
51
70
93
36
34
38
42
52
70
92
116
58
53
60
61
82
93
116
147
13
11
11
3
17
29
43
53
11
0
13
14
19
18
41
64
11
13
9
5
15
31
45
55
3
14
5
22
23
26
45
72
17
19
15
23
25
43
59
73
29
18
31
26
43
58
69
98
43
41
45
45
59
69
97
123
53
64
55
72
73
98
123
146
0
2
2
22
8
30
48
66
8
13
0
5
24
31
32
65
2
0
4
14
10
28
50
68
10
5
8
9
18
35
40
69
8
10
10
20
28
36
66
82
20
25
22
29
36
55
72
91
34
32
36
40
56
72
90
120
60
55
62
63
76
91
120
149
5
3
7
11
37
15
47
73
7
14
5
0
15
38
49
50
3
5
5
13
23
17
45
75
11
10
9
14
15
34
53
58
13
11
15
19
29
41
51
95
35
26
33
30
41
50
73
96
35
37
37
45
55
73
95
115
61
70
63
74
77
96
115
150
10
12
8
16
26
56
24
68
8
19
24
15
0
31
56
73
12
10
10
14
28
36
26
64
16
11
18
15
24
23
58
77
18
20
20
24
34
42
60
70
26
31
36
43
42
59
68
97
44
42
46
50
60
78
96
124
66
73
68
77
90
97
124
145
25
23
23
15
29
47
79
35
23
18
31
38
31
0
53
78
23
25
21
17
27
49
53
37
21
26
23
34
23
38
33
90
33
31
31
35
37
55
59
85
41
36
43
50
59
58
81
90
55
57
57
61
71
81
109
123
71
76
91
84
97
114
123
158
32
34
42
38
24
46
74
88
40
41
32
49
56
53
0
81
34
32
44
36
26
44
76
74
44
37
40
41
58
33
56
45
52
42
50
46
56
54
82
80
52
57
54
61
68
81
78
109
66
76
76
80
82
100
108
146
92
87
94
115
108
123
146
155
55
53
57
67
57
35
67
107
57
64
65
50
73
78
81
0
53
55
55
69
55
37
65
109
61
70
59
58
65
90
45
78
63
73
65
75
65
83
75
115
85
76
79
80
85
90
109
102
97
87
99
101
111
109
137
141
111
116
113
120
145
140
155
186
2
0
4
8
10
18
36
58
4
11
2
3
12
23
34
53
0
2
2
16
12
20
38
60
8
7
6
11
16
35
42
61
18
8
12
16
26
38
52
82
22
23
24
27
38
51
70
93
32
42
34
56
52
70
92
116
58
57
60
65
74
93
116
147
0
8
2
10
8
20
34
60
2
13
0
5
10
25
32
55
2
0
4
8
10
22
36
62
22
5
14
9
20
29
40
63
8
24
10
18
28
36
56
76
30
31
28
35
36
55
72
91
48
32
50
40
66
72
90
120
66
65
68
69
82
91
120
149
4
2
2
6
12
20
34
56
2
9
4
5
10
21
44
55
2
4
0
8
18
22
36
58
6
5
8
25
14
33
48
63
12
10
18
14
28
46
50
80
20
21
22
33
46
49
78
101
34
44
36
48
50
78
100
114
56
55
58
63
80
101
114
155
8
10
6
8
12
28
38
52
6
5
14
13
14
17
36
69
16
8
8
0
20
32
40
54
8
9
10
17
34
21
50
73
16
18
14
24
20
44
70
68
24
23
26
31
42
59
64
107
56
40
54
44
60
64
96
124
58
59
60
67
78
97
124
141
10
12
12
12
18
20
52
62
18
15
10
23
28
27
26
55
12
10
18
20
0
38
50
64
18
15
14
19
32
47
30
71
26
20
20
20
34
28
68
94
30
31
32
35
46
55
78
83
44
50
50
64
56
78
82
120
66
65
68
73
82
101
120
155
22
20
24
28
20
32
30
84
24
31
28
17
36
49
44
37
20
22
22
32
38
0
62
72
28
33
26
21
32
53
64
41
30
36
32
36
28
48
38
100
48
43
42
47
48
67
72
103
60
54
62
64
80
72
102
104
78
79
80
83
94
103
132
149
36
38
34
42
52
30
50
42
34
45
50
45
26
53
76
65
38
36
36
40
50
62
0
90
42
37
54
41
30
49
80
85
44
46
50
50
60
38
66
50
70
57
62
57
68
65
94
93
70
76
72
80
82
102
92
130
92
99
98
103
104
123
130
171
62
60
60
52
66
84
42
72
60
55
68
75
64
37
74
109
60
62
58
54
64
72
90
0
58
63
60
79
60
41
70
113
70
68
68
68
74
92
50
88
78
91
80
87
76
95
86
127
92
94
98
98
104
104
130
116
126
113
128
123
134
131
160
163
22
8
8
6
20
26
40
56
8
3
10
11
16
21
44
61
8
22
6
8
18
28
42
58
0
11
8
31
20
29
48
69
20
16
12
20
28
46
56
76
32
15
28
29
40
55
72
101
40
38
42
42
56
72
94
120
50
67
52
83
76
95
120
149
5
7
3
11
13
35
35
61
3
14
5
10
11
26
37
70
7
5
5
9
15
33
37
63
11
0
13
14
19
30
45
74
37
15
23
15
29
41
55
77
15
38
17
34
41
50
73
96
47
49
45
53
51
73
95
115
73
50
75
58
95
96
115
150
8
6
16
8
16
24
56
58
10
5
8
9
18
23
40
59
6
14
8
10
14
26
54
60
8
13
0
17
24
31
44
67
12
14
20
34
20
42
60
78
28
17
32
21
44
59
64
97
38
36
40
50
70
64
96
124
52
69
54
73
68
107
124
141
9
11
11
31
17
29
39
83
11
22
9
14
15
34
41
58
11
9
25
17
19
21
41
79
31
14
17
0
29
38
49
62
17
15
19
29
49
27
59
85
29
34
21
38
27
64
83
82
39
41
41
49
59
83
81
125
83
58
79
62
85
82
125
160
20
16
16
20
46
30
48
58
16
23
18
15
24
23
58
65
16
20
14
34
32
32
30
60
20
19
24
29
0
47
56
73
28
24
20
28
44
62
36
80
40
35
36
27
48
35
88
113
48
46
50
50
64
72
102
100
70
75
68
91
74
103
100
149
29
35
27
29
33
67
47
73
27
26
35
34
23
38
33
90
35
29
33
21
47
53
49
41
29
30
31
38
47
0
71
78
37
43
35
27
41
65
79
47
45
50
47
52
35
62
45
120
67
61
57
65
63
85
89
127
85
80
87
82
107
90
127
122
40
42
56
42
48
50
94
68
48
45
40
53
58
33
56
45
42
40
48
50
30
64
80
70
48
45
44
49
56
71
0
101
56
50
64
50
36
58
92
100
60
61
64
65
76
45
80
57
94
80
80
72
86
80
112
110
96
101
98
105
100
129
110
157
63
61
65
83
61
73
71
127
65
72
69
58
77
90
45
78
61
63
63
73
71
41
85
113
69
74
67
62
73
78
101
0
71
77
73
91
69
47
79
125
89
84
83
82
89
108
57
102
101
115
103
105
91
113
101
145
119
120
123
124
129
122
157
134
8
16
10
20
16
28
42
68
10
17
8
13
18
33
52
63
18
8
12
16
26
30
44
70
20
37
12
17
28
37
56
71
0
26
18
46
32
44
64
84
38
29
20
33
44
63
76
99
50
24
52
48
58
76
98
128
64
57
66
61
80
99
124
153
10
8
12
16
18
26
44
66
12
19
10
11
20
31
42
73
8
24
10
18
20
36
46
68
16
15
14
15
24
43
50
77
26
0
28
24
34
42
60
90
56
31
36
23
42
59
78
97
24
56
26
58
60
68
96
124
68
73
64
77
70
97
124
145
10
18
12
18
26
30
44
66
12
15
10
15
20
31
50
65
12
10
18
14
20
32
50
68
12
23
20
19
20
35
64
73
18
28
0
32
34
46
56
82
20
27
38
47
28
55
78
101
52
26
50
30
68
78
82
120
62
55
64
71
94
83
120
155
20
16
16
20
28
40
48
70
16
23
20
19
24
35
46
75
16
18
14
24
20
36
50
68
20
15
34
29
28
27
50
91
46
24
32
0
44
48
64
74
30
23
32
47
62
35
72
103
48
58
30
56
36
88
102
100
58
65
60
73
80
113
100
149
28
26
26
28
32
44
58
72
26
25
28
29
34
37
56
65
26
28
28
20
34
28
60
74
28
29
20
49
44
41
36
69
32
34
34
44
0
62
66
88
44
37
28
41
62
81
44
93
58
56
60
36
66
44
116
132
72
65
74
69
88
93
132
121
36
38
38
40
44
48
66
80
38
43
36
41
42
55
54
83
38
36
46
44
28
48
38
92
46
41
42
27
62
65
58
47
44
42
46
48
62
0
86
88
56
59
48
35
54
83
98
55
66
68
68
76
44
80
54
148
94
85
76
89
82
109
110
157
56
52
52
56
58
66
68
94
52
59
66
51
60
59
82
75
52
56
50
70
68
38
66
50
56
55
60
59
36
79
92
79
64
60
56
64
66
86
0
116
76
71
80
63
44
71
110
119
84
82
82
86
100
54
98
66
124
111
104
91
110
99
136
131
76
82
74
76
80
80
94
92
74
73
82
95
70
85
80
115
82
76
80
68
94
100
50
88
76
77
78
85
80
47
100
125
84
90
82
74
88
88
116
0
92
97
94
107
82
55
92
143
114
108
104
100
110
132
66
120
132
145
134
129
110
137
120
169
20
22
18
26
28
50
50
76
18
29
20
35
26
41
52
85
22
30
20
24
30
48
70
78
32
15
28
29
40
45
60
89
38
56
20
30
44
56
76
92
0
47
32
67
48
65
88
111
62
46
30
50
66
88
102
130
72
35
84
73
80
103
130
165
25
23
23
21
33
41
55
71
23
18
25
26
31
36
57
76
23
31
21
23
31
43
57
91
15
38
17
34
35
50
61
84
29
31
27
23
37
59
71
97
47
0
49
38
55
58
81
114
79
53
53
33
59
81
109
123
35
78
37
90
85
90
123
158
22
24
20
28
30
48
60
78
20
31
22
33
36
43
54
79
24
28
22
26
32
42
62
80
28
17
32
21
36
47
64
83
20
36
38
32
28
48
80
94
32
49
0
53
48
67
72
103
30
44
62
64
38
72
102
132
84
37
72
41
100
103
104
149
29
27
35
29
37
45
67
85
35
26
29
30
43
50
61
80
27
35
33
31
35
47
57
87
29
34
21
38
27
52
65
82
33
23
47
47
41
35
63
107
67
38
53
0
65
62
85
90
47
33
49
71
79
45
89
127
73
90
41
78
47
120
127
122
36
38
38
46
44
56
66
94
38
43
36
41
42
59
68
85
38
36
46
42
46
48
68
76
40
41
44
27
48
35
76
89
44
42
28
62
62
54
44
82
48
55
48
65
0
83
80
109
66
54
38
58
86
98
54
110
80
83
92
47
88
55
148
157
55
51
51
55
63
65
83
93
51
58
55
50
59
58
81
90
51
55
49
59
55
67
65
95
55
50
59
64
35
62
45
108
63
59
55
35
81
83
71
55
65
58
67
62
83
0
107
102
83
81
65
45
71
107
121
65
93
90
95
108
55
102
65
184
72
70
70
72
76
88
92
116
70
69
72
73
68
81
78
109
70
72
78
64
78
72
94
86
72
73
64
83
88
45
80
57
76
78
78
72
44
98
110
92
88
81
72
85
80
107
0
137
102
100
102
80
54
88
134
142
116
109
104
113
132
65
120
77
91
93
93
95
99
103
121
125
93
98
91
96
97
90
109
102
93
91
101
107
83
103
93
127
101
96
97
82
113
120
57
102
99
97
101
103
93
55
119
143
111
114
103
90
109
102
137
0
121
123
123
129
99
65
109
167
149
140
131
122
137
164
77
142
34
32
36
40
42
50
68
90
36
43
34
35
44
55
66
97
32
48
34
56
44
60
70
92
40
47
38
39
48
67
94
101
50
24
52
48
58
66
84
114
62
79
30
47
66
83
102
121
0
74
50
94
68
92
120
148
92
67
42
71
94
121
134
169
32
40
34
44
52
52
66
92
34
41
32
37
42
57
76
87
42
32
44
40
50
54
76
94
38
49
36
41
46
61
80
115
24
56
26
58
56
68
82
108
46
53
44
33
54
81
100
123
74
0
76
56
82
78
108
146
88
81
74
45
80
109
146
155
36
34
38
42
44
70
70
92
38
45
36
37
46
57
76
99
34
50
36
54
50
62
72
98
42
45
40
41
50
57
80
103
52
26
50
30
60
68
82
104
30
53
62
49
38
65
102
123
50
76
0
80
66
94
92
130
42
65
90
85
50
93
130
171
40
48
42
48
56
60
94
96
42
45
40
45
50
61
80
101
56
40
48
44
64
64
80
98
42
53
50
49
50
65
72
105
48
58
30
56
36
76
86
100
50
33
64
71
58
45
80
129
94
56
80
0
92
80
112
110
68
45
70
101
100
57
110
157
56
52
52
56
64
76
84
124
52
59
56
55
60
71
82
111
52
66
50
60
56
80
82
104
56
51
70
59
64
63
86
91
58
60
68
36
66
44
100
110
66
59
38
79
86
71
54
99
68
82
66
92
0
110
98
136
94
75
50
79
116
119
66
131
72
70
70
72
76
88
102
116
70
69
72
73
78
81
100
109
70
72
78
64
78
72
102
104
72
73
64
83
72
85
80
113
76
68
78
88
44
80
54
132
88
81
72
45
98
107
88
65
92
78
94
80
110
0
134
120
116
109
86
57
92
137
142
77
90
92
92
94
98
102
120
134
92
97
90
95
96
109
108
137
92
90
100
96
82
102
92
130
94
95
96
81
102
89
112
101
98
96
82
102
116
54
98
66
102
109
102
89
54
121
134
109
120
108
92
112
98
134
0
164
134
137
130
101
66
109
164
211
120
116
116
120
124
130
134
158
116
123
120
115
124
123
146
141
116
120
114
124
120
104
130
116
120
115
124
125
100
127
110
145
128
124
120
100
132
148
66
120
130
123
132
127
110
65
142
167
148
146
130
110
136
120
164
0
158
155
160
157
120
77
130
197
60
58
58
56
68
76
90
106
58
53
60
61
66
71
92
111
58
66
56
58
66
78
92
126
50
73
52
83
70
85
96
119
64
68
62
58
72
94
124
132
72
35
84
73
80
93
116
149
92
88
42
68
94
116
134
158
0
107
72
127
92
125
158
193
55
57
53
61
63
85
97
111
53
64
55
70
73
76
87
116
57
65
55
59
65
79
99
113
67
50
69
58
75
80
101
120
57
73
55
65
65
85
111
145
35
78
37
90
83
90
109
140
67
81
65
45
75
109
137
155
107
0
109
78
115
102
141
186
62
60
60
58
70
78
92
126
60
55
62
63
68
91
94
113
60
68
58
60
68
80
98
128
52
75
54
79
68
87
98
123
66
64
64
60
74
76
104
134
84
37
72
41
92
95
104
131
42
74
90
70
50
86
130
160
72
109
0
113
88
127
116
163
63
65
61
69
71
89
101
119
61
72
63
74
77
84
115
120
65
69
63
67
73
83
103
123
83
58
73
62
91
82
105
124
61
77
71
73
69
89
91
129
73
90
41
78
47
108
113
122
71
45
85
101
79
57
101
157
127
78
113
0
125
102
145
134
76
74
82
76
84
92
114
132
82
73
76
77
90
97
108
145
74
82
80
78
82
94
104
134
76
95
68
85
74
107
100
129
80
70
94
80
88
82
110
110
80
85
100
47
88
55
132
137
94
80
50
100
116
92
66
120
92
115
88
125
0
143
120
169
91
93
93
101
99
111
121
149
93
98
91
96
97
114
123
140
93
91
101
97
101
103
123
131
95
96
107
82
103
90
129
122
99
97
83
113
93
109
99
137
103
90
103
120
55
102
65
164
121
109
93
57
119
137
109
77
125
102
127
102
143
0
167
142
120
116
116
120
128
130
148
158
116
123
120
115
124
123
146
155
116
120
114
124
120
132
130
160
120
115
124
125
100
127
110
157
124
124
120
100
132
110
136
120
130
123
104
127
148
65
120
77
134
146
130
110
66
142
164
130
158
141
116
145
120
167
0
197
149
147
147
149
153
165
169
193
147
146
149
150
145
158
155
186
147
149
155
141
155
149
171
163
149
150
141
160
149
122
157
134
153
145
155
149
121
157
131
169
165
158
149
122
157
184
77
142
169
155
171
157
131
77
211
197
193
186
163
134
169
142
197
0
